joint_names: ["arm_1_joint","arm_2_joint","arm_3_joint","arm_4_joint","arm_5_joint","arm_6_joint","arm_7_joint"]

# back side positions
home: [[0,0,0,0,0,0,0]]
folded: [[-1.1572567240035734, -1.9104664691761568, -2.5334780195730255, -1.7853311980377056, -0.072798739390243047, 0.91767934923272776, -1.8876618005378798]]
wave_left: [[-1.3813422735995828, -1.9312548399287899, -1.7251153715474463, -1.4565057632094409, 0.7169946808744756, 1.0560171841958719, -2.1230019199424044]]
wave_right: [[-0.87587967265669509, -0.98765406924023813, -2.019365717487724, -0.86609658321908944, -0.14251239921016767, 1.5534633142745486, -2.1222931407940107]]
