joint_names: ["arm_1_joint","arm_2_joint","arm_3_joint","arm_4_joint","arm_5_joint","arm_6_joint"]

# back side positions
home: [[0,0,0,0,0,0]]
folded: [[0.3, 0, 0, 0, 0, 0]]
wave_left: [[-0.5, 0.6, 0.7, -0.25, 0, 0]]
wave_right: [[-0.87587967265669509, -0.98765406924023813, -2.019365717487724, -0.86609658321908944, -0.14251239921016767, 1.5534633142745486]]
