joint_names: ["arm_1_joint","arm_2_joint","arm_3_joint","arm_4_joint","arm_5_joint","arm_6_joint"]

# back side positions
home: [[0,0,0,0,0,0]]
folded: [[-1.1572567240035734, -1.9104664691761568, -2.5334780195730255, -1.7853311980377056, -0.072798739390243047, 0.91767934923272776]]
pregrasp: [[-1.3813422735995828, -1.9312548399287899, -1.7251153715474463, -1.4565057632094409, 0.7169946808744756, 1.0560171841958719]]
hold: [[-1.3813422735995828, 0, 0, 0, 0, 0]]
tray: [[0, -1.9312548399287899, 0, 0, 0, 0]]
overtray: [[0, 0, -1.7251153715474463, 0, 0, 0]]

